(1528,4),
(1529,20),
(1530,16),
(1531,1),
(1532,9),
(1533,15),
(1534,1),
(1535,14),
(1536,22),
(1537,16),
(1538,20),
(1539,11),
(1540,22),
(1541,18),
(1542,6),
(1543,21),
(1544,18),
(1545,14),
(1546,2),
(1547,14),
(1548,10),
(1549,20),
(1550,19),
(1551,8),
(1552,15),
(1553,2),
(1554,1),
(1555,22),
(1556,20),
(1557,19),
(1558,8),
(1559,1),
(1560,2),
(1561,15),
(1562,11),
(1563,5),
(1564,14),
(1565,19),
(1566,4),
(1567,6),
(1568,10),
(1569,10),
(1570,15),
(1571,11),
(1572,12),
(1573,2),
(1574,9),
(1575,11),
(1576,6),
(1577,10),
(1578,20),
(1579,7),
(1580,22),
(1581,15),
(1582,15),
(1583,1),
(1584,22),
(1585,1),
(1586,16),
(1587,7),
(1588,7),
(1589,13),
(1590,14),
(1591,3),
(1592,20),
(1593,8),
(1594,10),
(1595,21),
(1596,7),
(1597,22),
(1598,7),
(1599,4),
(1600,14),
(1601,3),
(1602,14),
(1603,20),
(1604,5),
(1605,1),
(1606,12),
(1607,18),
(1608,15),
(1609,14),
(1610,6),
(1611,7),
(1612,17),
(1613,14),
(1614,20),
(1615,1),
(1616,8),
(1617,3),
(1618,6),
(1619,16),
(1620,1),
(1621,16),
(1622,7),
(1623,3),
(1624,2),
(1625,4),
(1626,4),
(1627,12),
(1628,12),
(1629,6),
(1630,17),
(1631,3),
(1632,21),
(1633,22),
(1634,21),
(1635,3),
(1636,21),
(1637,2),
(1638,5),
(1639,9),
(1640,15),
(1641,17),
(1642,11),
(1643,19),
(1644,2),
(1645,10),
(1646,21),
(1647,9),
(1648,22),
(1649,12),
(1650,5),
(1651,6),
(1652,2),
(1653,3),
(1654,8),
(1655,3),
(1656,20),
(1657,13),
(1658,4),
(1659,5),
(1660,11),
(1661,12),
(1662,15),
(1663,9),
(1664,10),
(1665,6),
(1666,22),
(1667,4),
(1668,19),
(1669,17),
(1670,21),
(1671,7),
(1672,19),
(1673,7),
(1674,18),
(1675,11),
(1676,5),
(1677,2),
(1678,20),
(1679,5),
(1680,20),
(1681,2),
(1682,7),
(1683,21),
(1684,13),
(1685,7),
(1686,1),
(1687,11),
(1688,19),
(1689,21),
(1690,13),
(1691,15),
(1692,6),
(1693,18),
(1694,11),
(1695,19),
(1696,1),
(1697,8),
(1698,11),
(1699,7),
(1700,16),
(1701,8),
(1702,22),
(1703,6),
(1704,9),
(1705,18),
(1706,2),
(1707,20),
(1708,8),
(1709,22),
(1710,3),
(1711,18),
(1712,12),
(1713,5),
(1714,13),
(1715,10),
(1716,20),
(1717,3),
(1718,7),
(1719,18),
(1720,11),
(1721,21),
(1722,17),
(1723,20),
(1724,3),
(1725,13),
(1726,2),
(1727,3),
(1728,1),
(1729,12),
(1730,15),
(1731,5),
(1732,1),
(1733,9),
(1734,13),
(1735,17),
(1736,21),
(1737,11),
(1738,8),
(1739,16),
(1740,1),
(1741,6),
(1742,6),
(1743,4),
(1744,13),
(1745,15),
(1746,10),
(1747,20),
(1748,16),
(1749,15),
(1750,16),
(1751,9),
(1752,7),
(1753,19),
(1754,17),
(1755,17),
(1756,22),
(1757,19),
(1758,10),
(1759,5),
(1760,7),
(1761,9),
(1762,8),
(1763,15),
(1764,16),
(1765,5),
(1766,15),
(1767,3),
(1768,15),
(1769,5),
(1770,10),
(1771,12),
(1772,13),
(1773,1),
(1774,7),
(1775,4),
(1776,12),
(1777,8),
(1778,9),
(1779,11),
(1780,14),
(1781,11),
(1782,11),
(1783,7),
(1784,6),
(1785,16),
(1786,7),
(1787,3),
(1788,2),
(1789,10),
(1790,16),
(1791,10),
(1792,6),
(1793,8),
(1794,3),
(1795,4),
(1796,18),
(1797,6),
(1798,19),
(1799,13),
(1800,5),
(1801,19),
(1802,15),
(1803,16),
(1804,17),
(1805,7),
(1806,7),
(1807,19),
(1808,17),
(1809,5),
(1810,3),
(1811,16),
(1812,11),
(1813,3),
(1814,16),
(1815,10),
(1816,4),
(1817,8),
(1818,13),
(1819,17),
(1820,18),
(1821,1),
(1822,19),
(1823,13),
(1824,10),
(1825,18),
(1826,15),
(1827,10),
(1828,12),
(1829,19),
(1830,2),
(1831,17),
(1832,18),
(1833,10),
(1834,10),
(1835,7),
(1836,16),
(1837,19),
(1838,2),
(1839,9),
(1840,13),
(1841,2),
(1842,9),
(1843,10),
(1844,6),
(1845,1),
(1846,14),
(1847,4),
(1848,5),
(1849,5),
(1850,5),
(1851,2),
(1852,14),
(1853,14),
(1854,11),
(1855,9),
(1856,19),
(1857,1),
(1858,10),
(1859,1),
(1860,5),
(1861,11),
(1862,11),
(1863,11),
(1864,20),
(1865,7),
(1866,19),
(1867,18),
(1868,5),
(1869,15),
(1870,12),
(1871,18),
(1872,1),
(1873,12),
(1874,17),
(1875,15),
(1876,15),
(1877,6),
(1878,7),
(1879,12),
(1880,10),
(1881,21),
(1882,20),
(1883,7),
(1884,4),
(1885,7),
(1886,20),
(1887,4),
(1888,2),
(1889,21),
(1890,4),
(1891,2),
(1892,15),
(1893,11),
(1894,16),
(1895,1),
(1896,18),
(1897,1),
(1898,7),
(1899,13),
(1900,10),
(1901,3),
(1902,21),
(1903,21),
(1904,2),
(1905,13),
(1906,16),
(1907,9),
(1908,8),
(1909,2),
(1910,13),
(1911,6),
(1912,8),
(1913,10),
(1914,6),
(1915,22),
(1916,1),
(1917,18),
(1918,8),
(1919,7),
(1920,20),
(1921,9),
(1922,19),
(1923,3),
(1924,12),
(1925,17),
(1926,10),
(1927,13),
(1928,7),
(1929,12),
(1930,16),
(1931,5),
(1932,6),
(1933,10),
(1934,1),
(1935,21),
(1936,12),
(1937,19),
(1938,1),
(1939,8),
(1940,5),
(1941,10),
(1942,7),
(1943,15),
(1944,7),
(1945,19),
(1946,17),
(1947,8),
(1948,15),
(1949,15),
(1950,22),
(1951,12),
(1952,7),
(1953,1),
(1954,17),
(1955,1),
(1956,14),
(1957,4),
(1958,12),
(1959,13),
(1960,6),
(1961,13),
(1962,14),
(1963,9),
(1964,14),
(1965,16),
(1966,1),
(1967,8),
(1968,21),
(1969,3),
(1970,22),
(1971,8),
(1972,7),
(1973,12),
(1974,16),
(1975,10),
(1976,3),
(1977,20),
(1978,9),
(1979,8),
(1980,2),
(1981,1),
(1982,21),
(1983,13),
(1984,21),
(1985,19),
(1986,2),
(1987,1),
(1988,11),
(1989,19),
(1990,8),
(1991,5),
(1992,14),
(1993,6),
(1994,17),
(1995,12),
(1996,16),
(1997,15),
(1998,8),
(1999,9),
(2000,19),
(2001,22),
(2002,8),
(2003,15),
(2004,22),
(2005,5),
(2006,7),
(2007,17),
(2008,8),
(2009,3),
(2010,1),
(2011,20),
(2012,9),
(2013,14),
(2014,4),
(2015,19),
(2016,8),
(2017,5),
(2018,3),
(2019,10),
(2020,10),
(2021,13),
(2022,3),
(2023,5),
(2024,9),
(2025,15),
(2026,17),
(2027,4),
(2028,10),
(2029,21),
(2030,3),
(2031,4),
(2032,2),
(2033,19),
(2034,16),
(2035,21),
(2036,12),
(2037,15),
(2038,18),
(2039,10),
(2040,7),
(2041,16),
(2042,14),
(2043,17),
(2044,20),
(2045,12),
(2046,14),
(2047,20),
(2048,12),
(2049,8),
(2050,20),
(2051,22),
(2052,18),
(2053,10),
(2054,2),
(2055,9),
(2056,4),
(2057,12),
(2058,19),
(2059,22),
(2060,6),
(2061,19),
(2062,21),
(2063,8),
(2064,15),
(2065,21),
(2066,6),
(2067,13),
(2068,8),
(2069,22),
(2070,8),
(2071,13),
(2072,7),
(2073,8),
(2074,19),
(2075,9),
(2076,11),
(2077,7),
(2078,17),
(2079,9),
(2080,2),
(2081,21),
(2082,15),
(2083,8),
(2084,15),
(2085,13),
(2086,16),
(2087,17),
(2088,21),
(2089,13),
(2090,22),
(2091,14),
(2092,13),
(2093,3),
(2094,3),
(2095,3),
(2096,14),
(2097,2),
(2098,12),
(2099,10),
(2100,1),
(2101,17),
(2102,1),
(2103,7),
(2104,15),
(2105,1),
(2106,3),
(2107,13),
(2108,7),
(2109,14),
(2110,10),
(2111,1),
(2112,9),
(2113,6),
(2114,11),
(2115,4),
(2116,10),
(2117,22),
(2118,7),
(2119,2),
(2120,22),
(2121,19),
(2122,15),
(2123,16),
(2124,19),
(2125,20),
(2126,8),
(2127,13),
(2128,5),
(2129,8),
(2130,7),
(2131,3),
(2132,22),
(2133,17),
(2134,19),
(2135,20),
(2136,3),
(2137,20),
(2138,3),
(2139,22),
(2140,19),
(2141,10),
(2142,4),
(2143,4),
(2144,5),
(2145,14),
(2146,13),
(2147,6),
(2148,3),
(2149,4),
(2150,6),
(2151,16),
(2152,10),
(2153,14),
(2154,21),
(2155,9),
(2156,14),
(2157,5),
(2158,10),
(2159,22),
(2160,1),
(2161,2),
(2162,11),
(2163,18),
(2164,6),
(2165,5),
(2166,15),
(2167,17),
(2168,6),
(2169,16),
(2170,4),
(2171,6),
(2172,2),
(2173,13),
(2174,11),
(2175,17),
(2176,18),
(2177,6),
(2178,1),
(2179,15),
(2180,16),
(2181,16),
(2182,7),
(2183,15),
(2184,4),
(2185,20),
(2186,4),
(2187,6),
(2188,17),
(2189,11),
(2190,21),
(2191,9),
(2192,5),
(2193,6),
(2194,14),
(2195,2),
(2196,5),
(2197,17),
(2198,12),
(2199,8),
(2200,20),
(2201,16),
(2202,3),
(2203,9),
(2204,22),
(2205,5),
(2206,4),
(2207,22),
(2208,2),
(2209,11),
(2210,6),
(2211,3),
(2212,13),
(2213,7),
(2214,5),
(2215,21),
(2216,10),
(2217,6),
(2218,18),
(2219,8),
(2220,7),
(2221,1),
(2222,9),
(2223,14),
(2224,15),
(2225,7),
(2226,4),
(2227,2),
(2228,9),
(2229,15),
(2230,13),
(2231,21),
(2232,22),
(2233,12),
(2234,12),
(2235,17),
(2236,3),
(2237,2),
(2238,3),
(2239,3),
(2240,22),
(2241,15),
(2242,7),
(2243,9),
(2244,10),
(2245,11),
(2246,15),
(2247,1),
(2248,19),
(2249,10),
(2250,5),
(2251,7),
(2252,9),
(2253,22),
(2254,19),
(2255,17),
(2256,16),
(2257,2),
(2258,2),
(2259,20),
(2260,17),
(2261,19),
(2262,19),
(2263,16),
(2264,5),
(2265,5),
(2266,12),
(2267,16),
(2268,21),
(2269,22),
(2270,3),
(2271,2),
(2272,15),
(2273,15),
(2274,6),
(2275,1),
(2276,14),
(2277,14),
(2278,8),
(2279,13),
(2280,6),
(2281,18),
(2282,22),
(2283,11),
(2284,13),
(2285,2),
(2286,4),
(2287,14),
(2288,20),
(2289,4),
(2290,5),
(2291,22),
(2292,10),
(2293,3),
(2294,17),
(2295,20),
(2296,12),
(2297,2),
(2298,3),
(2299,18),
(2300,6),
(2301,13),
(2302,11),
(2303,18),
(2304,11),
(2305,12),
(2306,3),
(2307,14),
(2308,19),
(2309,17),
(2310,12),
(2311,17),
(2312,14),
(2313,3),
(2314,7),
(2315,10),
(2316,12),
(2317,16),
(2318,11),
(2319,14),
(2320,19),
(2321,17),
(2322,4),
(2323,16),
(2324,2),
(2325,8),
(2326,20),
(2327,6),
(2328,22),
(2329,13),
(2330,8),
(2331,5),
(2332,4),
(2333,20),
(2334,17),
(2335,18),
(2336,14),
(2337,11),
(2338,22),
(2339,12),
(2340,5),
(2341,17),
(2342,8),
(2343,19),
(2344,16),
(2345,7),
(2346,6),
(2347,8),
(2348,1),
(2349,5),
(2350,21),
(2351,9),
(2352,6),
(2353,17),
(2354,2),
(2355,11),
(2356,2),
(2357,19),
(2358,8),
(2359,17),
(2360,20),
(2361,1),
(2362,15),
(2363,20),
(2364,21),
(2365,6),
(2366,4),
(2367,4),
(2368,1),
(2369,19),
(2370,12),
(2371,16),
(2372,19),
(2373,10),
(2374,13),
(2375,21),
(2376,12),
(2377,2),
(2378,7),
(2379,11),
(2380,21),
(2381,11),
(2382,2),
(2383,9),
(2384,12),
(2385,22),
(2386,14),
(2387,14),
(2388,22),
(2389,22),
(2390,13),
(2391,4),
(2392,12),
(2393,17),
(2394,10),
(2395,15),
(2396,6),
(2397,12),
(2398,12),
(2399,22),
(2400,10),
(2401,8),
(2402,2),
(2403,19),
(2404,13),
(2405,9),
(2406,6),
(2407,3),
(2408,4),
(2409,2),
(2410,8),
(2411,13),
(2412,4),
(2413,16),
(2414,20),
(2415,14),
(2416,12),
(2417,14),
(2418,19),
(2419,1),
(2420,11),
(2421,19),
(2422,18),
(2423,3),
(2424,12),
(2425,12),
(2426,18),
(2427,5),
(2428,14),
(2429,18),
(2430,12),
(2431,14),
(2432,11),
(2433,16),
(2434,20),
(2435,7),
(2436,6),
(2437,13),
(2438,8),
(2439,3),
(2440,14),
(2441,3),
(2442,5),
(2443,10),
(2444,1),
(2445,3),
(2446,21),
(2447,14),
(2448,15),
(2449,13),
(2450,19),
(2451,4),
(2452,1),
(2453,2),
(2454,4),
(2455,8),
(2456,2),
(2457,21),
(2458,7),
(2459,14),
(2460,22),
(2461,17),
(2462,1),
(2463,12),
(2464,4),
(2465,11),
(2466,22),
(2467,9),
(2468,18),
(2469,8),
(2470,22),
(2471,14),
(2472,17),
(2473,22),
(2474,22),
(2475,17),
(2476,4),
(2477,5),
(2478,2),
(2479,7),
(2480,16),
(2481,13),
(2482,4),
(2483,7),
(2484,21),
(2485,19),
(2486,11),
(2487,5),
(2488,14),
(2489,18),
(2490,4),
(2491,18),
(2492,22),
(2493,14),
(2494,1),
(2495,5),
(2496,3),
(2497,15),
(2498,17),
(2499,2),
(2500,16),
(2501,19),
(2502,9),
(2503,2),
(2504,20),
(2505,12),
(2506,1),
(2507,6),
(2508,4),
(2509,6),
(2510,4),
(2511,19),
(2512,12),
(2513,11),
(2514,16),
(2515,8),
(2516,6),
(2517,11),
(2518,14),
(2519,13),
(2520,17),
(2521,11),
(2522,5),
(2523,18),
(2524,2),
(2525,7),
(2526,18),
(2527,5),
(2528,15),
(2529,10),
(2530,22),
(2531,19),
(2532,8),
(2533,11),
(2534,21),
(2535,17),
(2536,3),
(2537,15),
(2538,1),
(2539,17),
(2540,16),
(2541,17),
(2542,1),
(2543,21),
(2544,7),
(2545,18),
(2546,3),
(2547,5),
(2548,16),
(2549,17),
(2550,4),
(2551,14),
(2552,9),
(2553,1),
(2554,6),
(2555,12),
(2556,4),
(2557,3),
(2558,12),
(2559,22),
(2560,8),
(2561,13),
(2562,15),
(2563,22),
(2564,9),
(2565,18),
(2566,13),
(2567,12),
(2568,18),
(2569,17),
(2570,16),
(2571,19),
(2572,7),
(2573,17),
(2574,9),
(2575,6),
(2576,11),
(2577,10),
(2578,9),
(2579,21),
(2580,6),
(2581,18),
(2582,7),
(2583,22),
(2584,9),
(2585,22),
(2586,3),
(2587,17),
(2588,22),
(2589,15),
(2590,6),
(2591,2),
(2592,12),
(2593,20),
(2594,7),
(2595,3),
(2596,12),
(2597,5),
(2598,2),
(2599,12),
(2600,11),
(2601,11),
(2602,3),
(2603,7),
(2604,17),
(2605,3),
(2606,3),
(2607,21),
(2608,1),
(2609,11),
(2610,9),
(2611,2),
(2612,14),
(2613,1),
(2614,5),
(2615,6),
(2616,6),
(2617,5),
(2618,1),
(2619,5),
(2620,5),
(2621,6),
(2622,19),
(2623,4),
(2624,8),
(2625,14),
(2626,16),
(2627,3),
(2628,13),
(2629,21),
(2630,20),
(2631,8),
(2632,10),
(2633,22),
(2634,3),
(2635,10),
(2636,15),
(2637,14),
(2638,3),
(2639,14),
(2640,9),
(2641,12),
(2642,3),
(2643,6),
(2644,17),
(2645,9),
(2646,1),
(2647,10),
(2648,6),
(2649,8),
(2650,5),
(2651,1),
(2652,20),
(2653,13),
(2654,14),
(2655,22),
(2656,8),
(2657,21),
(2658,22),
(2659,21),
(2660,11),
(2661,3),
(2662,5),
(2663,12),
(2664,11),
(2665,4),
(2666,20),
(2667,9),
(2668,13),
(2669,19),
(2670,22),
(2671,4),
(2672,6),
(2673,4),
(2674,1),
(2675,5),
(2676,4),
(2677,17),
(2678,3),
(2679,11),
(2680,20),
(2681,14),
(2682,13),
(2683,2),
(2684,20),
(2685,2),
(2686,4),
(2687,20),
(2688,14),
(2689,11),
(2690,6),
(2691,17),
(2692,12),
(2693,5),
(2694,7),
(2695,2),
(2696,13),
(2697,11),
(2698,21),
(2699,19),
(2700,17),
(2701,16),
(2702,22),
(2703,15),
(2704,21),
(2705,2),
(2706,22),
(2707,6),
(2708,3),
(2709,18),
(2710,10),
(2711,19),
(2712,4),
(2713,20),
(2714,16),
(2715,6),
(2716,2),
(2717,8),
(2718,9),
(2719,20),
(2720,12),
(2721,6),
(2722,12),
(2723,2),
(2724,1),
(2725,20),
(2726,22),
(2727,20),
(2728,11),
(2729,12),
(2730,20),
(2731,21),
(2732,15),
(2733,8),
(2734,10),
(2735,4),
(2736,11),
(2737,4),
(2738,10),
(2739,21),
(2740,1),
(2741,1),
(2742,5),
(2743,3),
(2744,1),
(2745,14),
(2746,4),
(2747,17),
(2748,11),
(2749,19),
(2750,10),
(2751,14),
(2752,22),
(2753,22),
(2754,1),
(2755,13),
(2756,2),
(2757,16),
(2758,9),
(2759,11),
(2760,6),
(2761,19),
(2762,6),
(2763,5),
(2764,17),
(2765,12),
(2766,20),
(2767,6),
(2768,3),
(2769,18),
(2770,7),
(2771,7),
(2772,3),
(2773,13),
(2774,6),
(2775,3),
(2776,7),
(2777,7),
(2778,14),
(2779,12),
(2780,7),
(2781,20),
(2782,13),
(2783,1),
(2784,11),
(2785,17),
(2786,8),
(2787,1),
(2788,1),
(2789,16),
(2790,8),
(2791,13),
(2792,1),
(2793,1),
(2794,5),
(2795,20),
(2796,11),
(2797,19),
(2798,14),
(2799,5),
(2800,7),
(2801,15),
(2802,5),
(2803,11),
(2804,12),
(2805,7),
(2806,14),
(2807,14),
(2808,10),
(2809,2),
(2810,19),
(2811,14),
(2812,18),
(2813,20),
(2814,5),
(2815,13),
(2816,21),
(2817,12),
(2818,2),
(2819,22),
(2820,3),
(2821,11),
(2822,13),
(2823,11),
(2824,2),
(2825,2),
(2826,5),
(2827,6),
(2828,5),
(2829,3),
(2830,20),
(2831,15),
(2832,16),
(2833,3),
(2834,21),
(2835,20),
(2836,12),
(2837,14),
(2838,8),
(2839,3),
(2840,11),
(2841,12),
(2842,21),
(2843,2),
(2844,13),
(2845,15),
(2846,17),
(2847,13),
(2848,2),
(2849,13),
(2850,18),
(2851,12),
(2852,2),
(2853,12),
(2854,11),
(2855,16),
(2856,2),
(2857,13),
(2858,2),
(2859,8),
(2860,12),
(2861,3),
(2862,20),
(2863,14),
(2864,4),
(2865,6),
(2866,7),
(2867,20),
(2868,4),
(2869,16),
(2870,16),
(2871,15),
(2872,22),
(2873,11),
(2874,6),
(2875,3),
(2876,1),
(2877,5),
(2878,20),
(2879,10),
(2880,3),
(2881,18),
(2882,16),
(2883,7),
(2884,1),
(2885,16),
(2886,3),
(2887,18),
(2888,12),
(2889,10),
(2890,22),
(2891,10),
(2892,17),
(2893,2),
(2894,13),
(2895,8),
(2896,4),
(2897,12),
(2898,5),
(2899,11),
(2900,19),
(2901,14),
(2902,10),
(2903,2),
(2904,3),
(2905,13),
(2906,12),
(2907,3),
(2908,6),
(2909,3),
(2910,11),
(2911,11),
(2912,16),
(2913,14),
(2914,19),
(2915,2),
(2916,17),
(2917,10),
(2918,8),
(2919,11),
(2920,17),
(2921,15),
(2922,15),
(2923,16),
(2924,5),
(2925,10),
(2926,11),
(2927,13),
(2928,5),
(2929,20),
(2930,17),
(2931,2),
(2932,4),
(2933,5),
(2934,16),
(2935,16),
(2936,18),
(2937,19),
(2938,11),
(2939,9),
(2940,17),
(2941,15),
(2942,5),
(2943,11),
(2944,1),
(2945,17),
(2946,13),
(2947,11),
(2948,3),
(2949,19),
(2950,1),
(2951,18),
(2952,19),
(2953,14),
(2954,19),
(2955,19),
(2956,14),
(2957,15),
(2958,16),
(2959,20),
(2960,13),
(2961,9),
(2962,5),
(2963,13),
(2964,12),
(2965,14),
(2966,9),
(2967,4),
(2968,9),
(2969,1),
(2970,11),
(2971,16),
(2972,5),
(2973,3),
(2974,22),
(2975,16),
(2976,8),
(2977,6),
(2978,22),
(2979,19),
(2980,2),
(2981,16),
(2982,15),
(2983,9),
(2984,14),
(2985,11),
(2986,18),
(2987,9),
(2988,7),
(2989,9),
(2990,6),
(2991,11),
(2992,7),
(2993,1),
(2994,2),
(2995,18),
(2996,5),
(2997,17),
(2998,22),
(2999,1),
(3000,21),
(3001,21),
(3002,21),
(3003,6),
(3004,1),
(3005,3),
(3006,19),
(3007,1),
(3008,19),
(3009,13),
(3010,18),
(3011,21),
(3012,3),
(3013,12),
(3014,7),
(3015,11),
(3016,1),
(3017,20),
(3018,12),
(3019,4),
(3020,19),
(3021,8),
(3022,17),
(3023,20),
(3024,8),
(3025,22),
(3026,8),
(3027,8),
(3028,8),
(3029,17),
(3030,12),
(3031,14),
(3032,22),
(3033,11),
(3034,15),
(3035,7),
(3036,6),
(3037,17),
(3038,10),
(3039,1),
(3040,12),
(3041,19),
(3042,22),
(3043,12),
(3044,18),
(3045,10),
(3046,16),
(3047,7),
(3048,17),
(3049,9),
(3050,18),
(3051,3),
(3052,17),
(3053,10),
(3054,14),
(3055,4),
(3056,5),
(3057,6),
(3058,1),
(3059,21),
(3060,11),
(3061,13),
(3062,18),
(3063,1),
(3064,1),
(3065,10),
(3066,13),
(3067,5),
(3068,13),
(3069,7),
(3070,15),
(3071,22),
(3072,1),
(3073,2),
(3074,17),
(3075,22),
(3076,17),
(3077,12),
(3078,19),
(3079,12),
(3080,1),
(3081,19),
(3082,14),
(3083,11),
(3084,18),
(3085,2),
(3086,7),
(3087,11),
(3088,9),
(3089,22),
(3090,11),
(3091,9),
(3092,19),
(3093,2),
(3094,2),
(3095,22),
(3096,7),
(3097,16),
(3098,21),
(3099,8),
(3100,6),
(3101,8),
(3102,19),
(3103,18),
(3104,12),
(3105,21),
(3106,2),
(3107,21),
(3108,20),
(3109,21),
(3110,8),
(3111,21),
(3112,20),
(3113,12),
(3114,22),
(3115,14),
(3116,11),
(3117,10),
(3118,22),
(3119,13),
(3120,5),
(3121,13),
(3122,8),
(3123,11),
(3124,13),
(3125,3),
(3126,7),
(3127,13),
(3128,2),
(3129,9),
(3130,11),
(3131,20),
(3132,7),
(3133,21),
(3134,21),
(3135,2),
(3136,6),
(3137,5),
(3138,16),
(3139,18),
(3140,3),
(3141,15),
(3142,6),
(3143,21),
(3144,6),
(3145,21),
(3146,16),
(3147,4),
(3148,13),
(3149,2),
(3150,22),
(3151,20),
(3152,14),
(3153,15),
(3154,16),
(3155,6),
(3156,15),
(3157,18),
(3158,17),
(3159,5),
(3160,14),
(3161,11),
(3162,18),
(3163,16),
(3164,10),
(3165,21),
(3166,7),
(3167,12),
(3168,13),
(3169,19),
(3170,16),
(3171,4),
(3172,22),
(3173,18),
(3174,12),
(3175,11),
(3176,12),
(3177,13),
(3178,16),
(3179,5),
(3180,20),
(3181,7),
(3182,10),
(3183,18),
(3184,7),
(3185,21),
(3186,15),
(3187,9),
(3188,7),
(3189,8),
(3190,18),
(3191,11),
(3192,5),
(3193,6),
(3194,6),
(3195,19),
(3196,11),
(3197,8),
(3198,3),
(3199,15),
(3200,1),
(3201,17),
(3202,1),
(3203,6),
(3204,18),
(3205,14),
(3206,5),
(3207,13),
(3208,16),
(3209,20),
(3210,11),
(3211,22),
(3212,17),
(3213,17),
(3214,2),
(3215,21),
(3216,22),
(3217,5),
(3218,4),
(3219,10),
(3220,8),
(3221,10),
(3222,13),
(3223,7),
(3224,22),
(3225,7),
(3226,18),
(3227,10),
(3228,15),
(3229,1),
(3230,5),
(3231,9),
(3232,13),
(3233,16),
(3234,20),
(3235,6),
(3236,15),
(3237,1),
(3238,17),
(3239,22),
(3240,17),
(3241,5),
(3242,14),
(3243,18),
(3244,15),
(3245,21),
(3246,18),
(3247,17),
(3248,6),
(3249,3),
(3250,19),
(3251,14),
(3252,5),
(3253,18),
(3254,5),
(3255,13),
(3256,11),
(3257,22),
(3258,13),
(3259,8),
(3260,16),
(3261,4),
(3262,12),
(3263,2),
(3264,16),
(3265,5),
(3266,10),
(3267,7),
(3268,17),
(3269,5),
(3270,12),
(3271,11),
(3272,17),
(3273,17),
(3274,5),
(3275,18),
(3276,9),
(3277,15),
(3278,2),
(3279,22),
(3280,5),
(3281,18),
(3282,4),
(3283,1),
(3284,7),
(3285,4),
(3286,3),
(3287,14),
(3288,7),
(3289,20),
(3290,10),
(3291,6),
(3292,8),
(3293,7),
(3294,16),
(3295,6),
(3296,14),
(3297,1),
(3298,19),
(3299,11),
(3300,1),
(3301,15),
(3302,19),
(3303,14),
(3304,11),
(3305,16),
(3306,10),
(3307,21),
(3308,8),
(3309,21),
(3310,4),
(3311,2),
(3312,20),
(3313,19),
(3314,15),
(3315,4),
(3316,1),
(3317,7),
(3318,2),
(3319,17),
(3320,9),
(3321,2),
(3322,6),
(3323,10),
(3324,18),
(3325,4),
(3326,10),
(3327,20),
(3328,15),
(3329,14),
(3330,8),
(3331,11),
(3332,9),
(3333,12),
(3334,4),
(3335,4),
(3336,18),
(3337,12),
(3338,18),
(3339,11),
(3340,16),
(3341,16),
(3342,9),
(3343,3),
(3344,17),
(3345,6),
(3346,7),
(3347,7),
(3348,13),
(3349,11),
(3350,2),
(3351,17),
(3352,2),
(3353,11),
(3354,4),
(3355,14),
(3356,9),
(3357,1),
(3358,11),
(3359,15),
(3360,9),
(3361,16),
(3362,19),
(3363,2),
(3364,2),
(3365,8),
(3366,2),
(3367,16),
(3368,5),
(3369,12),
(3370,5),
(3371,1),
(3372,2),
(3373,15),
(3374,19),
(3375,7),
(3376,8),
(3377,8),
(3378,14),
(3379,2),
(3380,12),
(3381,12),
(3382,15),
(3383,12),
(3384,14),
(3385,4),
(3386,8),
(3387,20),
(3388,21),
(3389,9),
(3390,16),
(3391,14),
(3392,5),
(3393,11),
(3394,17),
(3395,12),
(3396,20),
(3397,1),
(3398,3),
(3399,4),
(3400,12),
(3401,19),
(3402,10),
(3403,9),
(3404,18),
(3405,7),
(3406,20),
(3407,10),
(3408,8),
(3409,6),
(3410,2),
(3411,18),
(3412,9),
(3413,18),
(3414,10),
(3415,12),
(3416,8),
(3417,12),
(3418,22),
(3419,7),
(3420,11),
(3421,20),
(3422,6),
(3423,5),
(3424,10),
(3425,17),
(3426,21),
(3427,1),
(3428,5),
(3429,20),
(3430,3),
(3431,8),
(3432,11),
(3433,14),
(3434,12),
(3435,4),
(3436,7),
(3437,2),
(3438,6),
(3439,9),
(3440,22),
(3441,7),
(3442,17),
(3443,21),
(3444,20),
(3445,17),
(3446,17),
(3447,14),
(3448,14),
(3449,22),
(3450,13),
(3451,11),
(3452,17),
(3453,2),
(3454,20),
(3455,1),
(3456,17),
(3457,8),
(3458,4),
(3459,17),
(3460,12),
(3461,1),
(3462,5),
(3463,15),
(3464,18),
(3465,1),
(3466,2),
(3467,11),
(3468,13),
(3469,16),
(3470,5),
(3471,20),
(3472,7),
(3473,9),
(3474,8),
(3475,20),
(3476,10),
(3477,22),
(3478,7),
(3479,19),
(3480,20),
(3481,9),
(3482,5),
(3483,22),
(3484,11),
(3485,19),
(3486,6),
(3487,10),
(3488,9),
(3489,5),
(3490,13),
(3491,12),
(3492,16),
(3493,12),
(3494,5),
(3495,16),
(3496,10),
(3497,11),
(3498,13),
(3499,14),
(3500,5),
(3501,7),
(3502,19),
(3503,4),
(3504,22),
(3505,3),
(3506,7),
(3507,21),
(3508,19),
(3509,1),
(3510,3),
(3511,18),
(3512,5),
(3513,4),
(3514,6),
(3515,7),
(3516,12),
(3517,11),
(3518,2),
(3519,18),
(3520,16),
(3521,3),
(3522,16),
(3523,15),
(3524,15),
(3525,2),
(3526,3),
(3527,13),
(3528,9),
(3529,15),
(3530,4),
(3531,12),
(3532,20),
(3533,22),
(3534,16),
(3535,16),
(3536,21),
(3537,18),
(3538,8),
(3539,4),
(3540,14),
(3541,16),
(3542,2),
(3543,7),
(3544,9),
(3545,22),
(3546,14),
(3547,15),
(3548,7),
(3549,5),
(3550,17),
(3551,13),
(3552,10),
(3553,15),
(3554,2),
(3555,16),
(3556,8),
(3557,20),
(3558,21),
(3559,2),
(3560,5),
(3561,12),
(3562,6),
(3563,3),
(3564,14),
(3565,9),
(3566,2),
(3567,13),
(3568,16),
(3569,13),
(3570,21),
(3571,16),
(3572,15),
(3573,4),
(3574,3),
(3575,9),
(3576,5),
(3577,20),
(3578,22),
(3579,6),
(3580,2),
(3581,19),
(3582,5),
(3583,19),
(3584,3),
(3585,16),
(3586,8),
(3587,4),
(3588,4),
(3589,2),
(3590,10),
(3591,5),
(3592,20),
(3593,18),
(3594,8),
(3595,21),
(3596,2),
(3597,2),
(3598,14),
(3599,8),
(3600,19),
(3601,9),
(3602,16),
(3603,16),
(3604,4),
(3605,2),
(3606,21),
(3607,8),
(3608,18),
(3609,13),
(3610,7),
(3611,7),
(3612,21),
(3613,2),
(3614,2),
(3615,18),
(3616,22),
(3617,4),
(3618,4),
(3619,12),
(3620,10),
(3621,9),
(3622,18),
(3623,13),
(3624,7),
(3625,13),
(3626,7),
(3627,3),
(3628,21),
(3629,19),
(3630,1),
(3631,14),
(3632,9),
(3633,3),
(3634,17),
(3635,1),
(3636,9),
(3637,6),
(3638,2),
(3639,11),
(3640,6),
(3641,22),
(3642,14),
(3643,22),
(3644,2),
(3645,13),
(3646,5),
(3647,16),
(3648,13),
(3649,7),
(3650,21),
(3651,16),
(3652,21),
(3653,12),
(3654,14),
(3655,14),
(3656,21),
(3657,4),
(3658,7),
(3659,21),
(3660,5),
(3661,5),
(3662,12),
(3663,13),
(3664,20),
(3665,10),
(3666,22),
(3667,15),
(3668,15),
(3669,21),
(3670,21),
(3671,6),
(3672,12),
(3673,12),
(3674,20),
(3675,12),
(3676,1),
(3677,18),
(3678,13),
(3679,11),
(3680,6),
(3681,9),
(3682,17),
(3683,7),
(3684,17),
(3685,15),
(3686,7),
(3687,22),
(3688,7),
(3689,2),
(3690,13),
(3691,13),
(3692,6),
(3693,11),
(3694,21),
(3695,2),
(3696,21),
(3697,20),
(3698,19),
(3699,15),
(3700,1),
(3701,4),
(3702,15),
(3703,12),
(3704,3),
(3705,11),
(3706,22),
(3707,7),
(3708,1),
(3709,3),
(3710,22),
(3711,3),
(3712,2),
(3713,9),
(3714,17),
(3715,9),
(3716,18),
(3717,12),
(3718,6),
(3719,17),
(3720,5),
(3721,20),
(3722,16),
(3723,4),
(3724,22),
(3725,13),
(3726,2),
(3727,2),
(3728,17),
(3729,15),
(3730,6),
(3731,3),
(3732,2),
(3733,8),
(3734,6),
(3735,5),
(3736,18),
(3737,5),
(3738,15),
(3739,8),
(3740,5),
(3741,5),
(3742,2),
(3743,15),
(3744,5),
(3745,20),
(3746,22),
(3747,19),
(3748,6),
(3749,4),
(3750,21),
(3751,4),
(3752,11),
(3753,17),
(3754,18),
(3755,6),
(3756,14),
(3757,7),
(3758,22),
(3759,1),
(3760,17),
(3761,12),
(3762,5),
(3763,1),
(3764,9),
(3765,18),
(3766,21),
(3767,16),
(3768,9),
(3769,15),
(3770,12),
(3771,3),
(3772,9),
(3773,14),
(3774,15),
(3775,12),
(3776,5),
(3777,13),
(3778,18),
(3779,16),
(3780,4),
(3781,5),
(3782,19),
(3783,16),
(3784,6),
(3785,15),
(3786,4),
(3787,19),
(3788,9),
(3789,10),
(3790,10),
(3791,17),
(3792,6),
(3793,2),
(3794,8),
(3795,20),
(3796,4),
(3797,13),
(3798,14),
(3799,22),
(3800,1),
(3801,16),
(3802,1),
(3803,16),
(3804,18),
(3805,21),
(3806,17),
(3807,1),
(3808,3),
(3809,13),
(3810,21),
(3811,21),
(3812,21),
(3813,6),
(3814,19),
(3815,2),
(3816,20),
(3817,18),
(3818,10),
(3819,7),
(3820,18),
(3821,11),
(3822,15),
(3823,22),
(3824,11),
(3825,9),
(3826,17),
(3827,5),
(3828,7),
(3829,17),
(3830,6),
(3831,2),
(3832,14),
(3833,10),
(3834,20),
(3835,22),
(3836,22),
(3837,7),
(3838,7),
(3839,7),
(3840,20),
(3841,19),
(3842,18),
(3843,2),
(3844,8),
(3845,18),
(3846,4),
(3847,10),
(3848,18),
(3849,1),
(3850,6),
(3851,13),
(3852,20),
(3853,19),
(3854,18),
(3855,13),
(3856,13),
(3857,5),
(3858,19),
(3859,4),
(3860,15),
(3861,11),
(3862,10),
(3863,15),
(3864,4),
(3865,13),
(3866,10),
(3867,10),
(3868,4),
(3869,2),
(3870,16),
(3871,3),
(3872,21),
(3873,3),
(3874,20),
(3875,11),
(3876,18),
(3877,8),
(3878,2),
(3879,19),
(3880,8),
(3881,22),
(3882,22),
(3883,19),
(3884,4),
(3885,3),
(3886,19),
(3887,21),
(3888,4),
(3889,21),
(3890,17),
(3891,9),
(3892,13),
(3893,13),
(3894,1),
(3895,2),
(3896,20),
(3897,4),
(3898,21),
(3899,18),
(3900,14),
(3901,15),
(3902,9),
(3903,10),
(3904,1),
(3905,16),
(3906,2),
(3907,8),
(3908,6),
(3909,7),
(3910,12),
(3911,17),
(3912,20),
(3913,11),
(3914,16),
(3915,21),
(3916,20),
(3917,12),
(3918,10),
(3919,16),
(3920,13),
(3921,16),
(3922,22),
(3923,2),
(3924,5),
(3925,7),
(3926,22),
(3927,17),
(3928,16),
(3929,19),
(3930,19),
(3931,14),
(3932,20),
(3933,15),
(3934,1),
(3935,3),
(3936,12),
(3937,10),
(3938,14),
(3939,16),
(3940,20),
(3941,6),
(3942,17),
(3943,13),
(3944,16),
(3945,11),
(3946,20),
(3947,6),
(3948,4),
(3949,13),
(3950,13),
(3951,10),
(3952,18),
(3953,22),
(3954,1),
(3955,22),
(3956,10),
(3957,14),
(3958,22),
(3959,14),
(3960,6),
(3961,5),
(3962,2),
(3963,7),
(3964,13),
(3965,1),
(3966,1),
(3967,14),
(3968,3),
(3969,10),
(3970,5),
(3971,22),
(3972,8),
(3973,8),
(3974,6),
(3975,4),
(3976,14),
(3977,14),
(3978,8),
(3979,6),
(3980,20),
(3981,6),
(3982,8),
(3983,5),
(3984,10),
(3985,20),
(3986,14),
(3987,4),
(3988,17),
(3989,14),
(3990,16),
(3991,14),
(3992,14),
(3993,22),
(3994,20),
(3995,16),
(3996,12),
(3997,21),
(3998,1),
(3999,4),
(4000,5),
(4001,20),
(4002,11),
(4003,17),
(4004,20),
(4005,15),
(4006,22),
(4007,12),
(4008,15),
(4009,3),
(4010,16),
(4011,22),
(4012,18),
(4013,6),
(4014,3),
(4015,12),
(4016,14),
(4017,2),
(4018,4),
(4019,14),
(4020,19),
(4021,3),
(4022,5),
(4023,6),
(4024,3),
(4025,1),
(4026,7),
(4027,9),
(4028,17),
(4029,13),
(4030,14),
(4031,6),
(4032,17),
(4033,12),
(4034,22),
(4035,17),
(4036,15),
(4037,3),
(4038,1),
(4039,1),
(4040,11),
(4041,18),
(4042,9),
(4043,21),
(4044,5),
(4045,1),
(4046,10),
(4047,4),
(4048,15),
(4049,17),
(4050,11),
(4051,21),
(4052,3),
(4053,10),
(4054,7),
(4055,19),
(4056,3),
(4057,13),
(4058,21),
(4059,21),
(4060,3),
(4061,17),
(4062,18),
(4063,20),
(4064,21),
(4065,9),
(4066,8),
(4067,11),
(4068,15),
(4069,6),
(4070,20),
(4071,15),
(4072,4),
(4073,20),
(4074,2),
(4075,17),
(4076,9),
(4077,12),
(4078,13),
(4079,15),
(4080,10),
(4081,1),
(4082,13),
(4083,9),
(4084,6),
(4085,9),
(4086,14),
(4087,7),
(4088,10),
(4089,5),
(4090,10),
(4091,22),
(4092,11),
(4093,3),
(4094,10),
(4095,6),
(4096,10),
(4097,14),
(4098,18),
(4099,9),
(4100,9),
(4101,22),
(4102,22),
(4103,11),
(4104,18),
(4105,11),
(4106,18),
(4107,6),
(4108,3),
(4109,14),
(4110,15),
(4111,10),
(4112,11),
(4113,18),
(4114,10),
(4115,6),
(4116,19),
(4117,13),
(4118,5),
(4119,20),
(4120,8),
(4121,15),
(4122,16),
(4123,5),
(4124,9),
(4125,7),
(4126,15),
(4127,6),
(4128,5),
(4129,9),
(4130,7),
(4131,21),
(4132,11),
(4133,10),
(4134,18),
(4135,12),
(4136,8),
(4137,4),
(4138,13),
(4139,1),
(4140,2),
(4141,18),
(4142,14),
(4143,15),
(4144,8),
(4145,21),
(4146,1),
(4147,5),
(4148,1),
(4149,17),
(4150,21),
(4151,12),
(4152,10),
(4153,10),
(4154,4),
(4155,7),
(4156,12),
(4157,3),
(4158,19),
(4159,21),
(4160,18),
(4161,21),
(4162,1),
(4163,11),
(4164,6),
(4165,12),
(4166,12),
(4167,16),
(4168,11),
(4169,11),
(4170,3),
(4171,20),
(4172,14),
(4173,18),
(4174,3),
(4175,14),
(4176,20),
(4177,13),
(4178,2),
(4179,5),
(4180,3),
(4181,17),
(4182,20),
(4183,20),
(4184,3),
(4185,7),
(4186,16),
(4187,11),
(4188,15),
(4189,3),
(4190,13),
(4191,21),
(4192,7),
(4193,20),
(4194,22),
(4195,17),
(4196,19),
(4197,13),
(4198,10),
(4199,10),
(4200,4),
(4201,2),
(4202,13),
(4203,18),
(4204,17),
(4205,3),
(4206,22),
(4207,8),
(4208,20),
(4209,2),
(4210,10),
(4211,22),
(4212,9),
(4213,16),
(4214,3),
(4215,9),
(4216,1),
(4217,15),
(4218,18),
(4219,16),
(4220,19),
(4221,12),
(4222,22),
(4223,19),
(4224,11),
(4225,4),
(4226,16),
(4227,4),
(4228,8),
(4229,2),
(4230,20),
(4231,13),
(4232,2),
(4233,17),
(4234,16),
(4235,11),
(4236,7),
(4237,18),
(4238,4),
(4239,17),
(4240,11),
(4241,14),
(4242,21),
(4243,7),
(4244,17),
(4245,12),
(4246,5),
(4247,8),
(4248,12),
(4249,14),
(4250,20),
(4251,2),
(4252,18),
(4253,12),
(4254,15),
(4255,9),
(4256,8),
(4257,11),
(4258,17),
(4259,9),
(4260,1),
(4261,4),
(4262,4),
(4263,17),
(4264,3),
(4265,6),
(4266,7),
(4267,8),
(4268,2),
(4269,8),
(4270,18),
(4271,20),
(4272,17),
(4273,1),
(4274,9),
(4275,6),
(4276,22),
(4277,11),
(4278,16),
(4279,20),
(4280,15),
(4281,4),
(4282,2),
(4283,11),
(4284,6),
(4285,15),
(4286,19),
(4287,11),
(4288,9),
(4289,18),
(4290,6),
(4291,17),
(4292,4),
(4293,8),
(4294,20),
(4295,22),
(4296,6),
(4297,19),
(4298,14),
(4299,4),
(4300,15),
(4301,12),
(4302,20),
(4303,5),
(4304,7),
(4305,15),
(4306,8),
(4307,15),
(4308,22),
(4309,17),
(4310,10),
(4311,16),
(4312,11),
(4313,6),
(4314,4),
(4315,3),
(4316,2),
(4317,12),
(4318,16),
(4319,15),
(4320,4),
(4321,9),
(4322,6),
(4323,12),
(4324,1),
(4325,17),
(4326,18),
(4327,17),
(4328,10),
(4329,1),
(4330,17),
(4331,19),
(4332,7),
(4333,9),
(4334,15),
(4335,16),
(4336,9),
(4337,5),
(4338,3),
(4339,22),
(4340,12),
(4341,15),
(4342,21),
(4343,11),
(4344,18),
(4345,7),
(4346,16),
(4347,14),
(4348,17),
(4349,5),
(4350,11),
(4351,22),
(4352,4),
(4353,18),
(4354,10),
(4355,15),
(4356,16),
(4357,15),
(4358,6),
(4359,9),
(4360,4),
(4361,19),
(4362,18),
(4363,3),
(4364,7),
(4365,11),
(4366,7),
(4367,20),
(4368,19),
(4369,20),
(4370,14),
(4371,22),
(4372,19),
(4373,21),
(4374,13),
(4375,3),
(4376,14),
(4377,20),
(4378,13),
(4379,12),
(4380,10),
(4381,21),
(4382,12),
(4383,8),
(4384,6),
(4385,7),
(4386,10),
(4387,3),
(4388,17),
(4389,1),
(4390,13),
(4391,15),
(4392,20),
(4393,2),
(4394,18),
(4395,3),
(4396,7),
(4397,18),
(4398,1),
(4399,6),
(4400,6),
(4401,4),
(4402,18),
(4403,9),
(4404,1),
(4405,19),
(4406,16),
(4407,20),
(4408,2),
(4409,20),
(4410,13),
(4411,3),
(4412,21),
(4413,6),
(4414,10),
(4415,8),
(4416,7),
(4417,17),
(4418,20),
(4419,1),
(4420,15),
(4421,22),
(4422,11),
(4423,3),
(4424,21),
(4425,21),
(4426,1),
(4427,3),
(4428,6),
(4429,15),
(4430,7),
(4431,8),
(4432,8),
(4433,12),
(4434,7),
(4435,14),
(4436,18),
(4437,10),
(4438,22),
(4439,4),
(4440,6),
(4441,4),
(4442,2),
(4443,13),
(4444,21),
(4445,11),
(4446,22),
(4447,15),
(4448,16),
(4449,8),
(4450,17),
(4451,12),
(4452,21),
(4453,2),
(4454,19),
(4455,20),
(4456,13),
(4457,22),
(4458,16),
(4459,19),
(4460,4),
(4461,9),
(4462,18),
(4463,10),
(4464,21),
(4465,6),
(4466,12),
(4467,10),
(4468,15),
(4469,6),
(4470,1),
(4471,12),
(4472,17),
(4473,3),
(4474,15),
(4475,6),
(4476,20),
(4477,7),
(4478,3),
(4479,14),
(4480,15),
(4481,1),
(4482,14),
(4483,16),
(4484,2),
(4485,18),
(4486,12),
(4487,5),
(4488,1),
(4489,12),
(4490,7),
(4491,17),
(4492,18),
(4493,16),
(4494,13),
(4495,22),
(4496,2),
(4497,21),
(4498,4),
(4499,17),
(4500,16),
(4501,10),
(4502,20),
(4503,17),
(4504,13),
(4505,13),
(4506,13),
(4507,14),
(4508,3),
(4509,12),
(4510,20),
(4511,1),
(4512,12),
(4513,10),
(4514,19),
(4515,20),
(4516,14),
(4517,3),
(4518,1),
(4519,20),
(4520,4),
(4521,5),
(4522,4),
(4523,1),
(4524,19),
(4525,13),
(4526,6),
(4527,20),
(4528,21),
(4529,19),
(4530,5),
(4531,12),
(4532,16),
(4533,18),
(4534,4),
(4535,19),
(4536,15),
(4537,2),
(4538,12),
(4539,15),
(4540,20),
(4541,9),
(4542,14),
(4543,14),
(4544,12),
(4545,16),
(4546,8),
(4547,14),
(4548,22),
(4549,17),
(4550,9),
(4551,14),
(4552,18),
(4553,21),
(4554,16),
(4555,5),
(4556,18),
(4557,5),
(4558,14),
(4559,22),
(4560,7),
(4561,7),
(4562,16),
(4563,6),
(4564,4),
(4565,21),
(4566,10),
(4567,6),
(4568,3),
(4569,16),
(4570,17),
(4571,13),
(4572,2),
(4573,6),
(4574,19),
(4575,13),
(4576,8),
(4577,6),
(4578,11),
(4579,4),
(4580,3),
(4581,1),
(4582,1),
(4583,17),
(4584,5),
(4585,17),
(4586,14),
(4587,18),
(4588,22),
(4589,20),
(4590,19),
(4591,13),
(4592,3),
(4593,5),
(4594,11),
(4595,17),
(4596,21),
(4597,4),
(4598,17),
(4599,14),
(4600,8),
(4601,21),
(4602,10),
(4603,10),
(4604,12),
(4605,12),
(4606,14),
(4607,9),
(4608,20),
(4609,15),
(4610,17),
(4611,15),
(4612,2),
(4613,20),
(4614,4),
(4615,22),
(4616,20),
(4617,17),
(4618,4),
(4619,21),
(4620,13),
(4621,3),
(4622,19),
(4623,19),
(4624,9),
(4625,10),
(4626,1),
(4627,18),
(4628,7),
(4629,11),
(4630,12),
(4631,10),
(4632,6),
(4633,11),
(4634,9),
(4635,1),
(4636,22),
(4637,7),
(4638,14),
(4639,13),
(4640,9),
(4641,8),
(4642,17),
(4643,20),
(4644,22),
(4645,21),
(4646,15),
(4647,15),
(4648,5),
(4649,18),
(4650,15),
(4651,19),
(4652,1),
(4653,17),
(4654,18),
(4655,13),
(4656,10),
(4657,19),
(4658,21),
(4659,2),
(4660,5),
(4661,22),
(4662,21),
(4663,13),
(4664,2),
(4665,17),
(4666,4),
(4667,7),
(4668,19),
(4669,6),
(4670,8),
(4671,7),
(4672,18),
(4673,19),
(4674,19),
(4675,20),
(4676,1),
(4677,16),
(4678,18),
(4679,7),
(4680,1),
(4681,4),
(4682,18),
(4683,9),
(4684,10),
(4685,8),
(4686,19),
(4687,13),
(4688,12),
(4689,10),
(4690,4),
(4691,16),
(4692,19),
(4693,3),
(4694,14),
(4695,12),
(4696,7),
(4697,17),
(4698,5),
(4699,16),
(4700,7),
(4701,9),
(4702,16),
(4703,10),
(4704,20),
(4705,1),
(4706,7),
(4707,13),
(4708,3),
(4709,10),
(4710,8),
(4711,5),
(4712,12),
(4713,21),
(4714,14),
(4715,11),
(4716,13),
(4717,1),
(4718,5),
(4719,5),
(4720,2),
(4721,2),
(4722,22),
(4723,4),
(4724,13),
(4725,5),
(4726,18),
(4727,17),
(4728,1),
(4729,20),
(4730,16),
(4731,11),
(4732,14),
(4733,16),
(4734,22),
(4735,19),
(4736,17),
(4737,5),
(4738,22),
(4739,14),
(4740,12),
(4741,15),
(4742,3),
(4743,22),
(4744,19),
(4745,5),
(4746,14),
(4747,12),
(4748,7),
(4749,14),
(4750,4),
(4751,13),
(4752,3),
(4753,1),
(4754,22),
(4755,17),
(4756,2),
(4757,21),
(4758,3),
(4759,19),
(4760,4),
(4761,12),
(4762,15),
(4763,6),
(4764,10),
(4765,15),
(4766,14),
(4767,19),
(4768,22),
(4769,18),
(4770,16),
(4771,14),
(4772,17),
(4773,22),
(4774,15),
(4775,4),
(4776,20),
(4777,13),
(4778,22),
(4779,16),
(4780,7),
(4781,3),
(4782,1),
(4783,9),
(4784,8),
(4785,17),
(4786,2),
(4787,18),
(4788,2),
(4789,9),
(4790,8),
(4791,15),
(4792,8),
(4793,15),
(4794,9),
(4795,10),
(4796,11),
(4797,11),
(4798,3),
(4799,16),
(4800,21),
(4801,10),
(4802,11),
(4803,11),
(4804,19),
(4805,8),
(4806,7),
(4807,4),
(4808,20),
(4809,11),
(4810,15),
(4811,10),
(4812,20),
(4813,18),
(4814,15),
(4815,7),
(4816,20),
(4817,12),
(4818,11),
(4819,19),
(4820,7),
(4821,8),
(4822,21),
(4823,21),
(4824,7),
(4825,21),
(4826,21),
(4827,3),
(4828,5),
(4829,8),
(4830,3),
(4831,22),
(4832,7),
(4833,18),
(4834,9),
(4835,21),
(4836,5),
(4837,17),
(4838,2),
(4839,4),
(4840,10),
(4841,19),
(4842,14),
(4843,4),
(4844,5),
(4845,17),
(4846,5),
(4847,9),
(4848,7),
(4849,14),
(4850,4),
(4851,18),
(4852,8),
(4853,12),
(4854,1),
(4855,5),
(4856,15),
(4857,19),
(4858,3),
(4859,17),
(4860,9),
(4861,2),
(4862,20),
(4863,22),
(4864,17),
(4865,18),
(4866,15),
(4867,20),
(4868,15),
(4869,15),
(4870,12),
(4871,13),
(4872,8),
(4873,7),
(4874,19),
(4875,3),
(4876,22),
(4877,21),
(4878,13),
(4879,4),
(4880,22),
(4881,20),
(4882,19),
(4883,13),
(4884,8),
(4885,3),
(4886,18),
(4887,19),
(4888,15),
(4889,18),
(4890,6),
(4891,14),
(4892,19),
(4893,1),
(4894,11),
(4895,4),
(4896,16),
(4897,15),
(4898,1),
(4899,12),
(4900,7),
(4901,1),
(4902,19),
(4903,19),
(4904,18),
(4905,9),
(4906,5),
(4907,14),
(4908,22),
(4909,9),
(4910,8),
(4911,2),
(4912,19),
(4913,4),
(4914,15),
(4915,17),
(4916,9),
(4917,7),
(4918,16),
(4919,15),
(4920,16),
(4921,7),
(4922,10),
(4923,1),
(4924,9),
(4925,10),
(4926,19),
(4927,4),
(4928,19),
(4929,13),
(4930,13),
(4931,5),
(4932,12),
(4933,16),
(4934,13),
(4935,20),
(4936,4),
(4937,22),
(4938,9),
(4939,3),
(4940,15),
(4941,13),
(4942,2),
(4943,10),
(4944,4),
(4945,10),
(4946,18),
(4947,18),
(4948,5),
(4949,14),
(4950,14),
(4951,21),
(4952,15),
(4953,11),
(4954,1),
(4955,10),
(4956,19),
(4957,16),
(4958,4),
(4959,11),
(4960,21),
(4961,1),
(4962,4),
(4963,2),
(4964,11),
(4965,11),
(4966,12),
(4967,21),
(4968,17),
(4969,22),
(4970,16),
(4971,11),
(4972,10),
(4973,7),
(4974,15),
(4975,7),
(4976,13),
(4977,17),
(4978,12),
(4979,4),
(4980,13),
(4981,9),
(4982,5),
(4983,4),
(4984,1),
(4985,11),
(4986,21),
(4987,6),
(4988,14),
(4989,22),
(4990,16),
(4991,14),
(4992,15),
(4993,8),
(4994,5),
(4995,13),
(4996,17),
(4997,19),
(4998,3),
(4999,7),
(5000,4),
(5001,17),
(5002,20),
(5003,6),
(5004,22),
(5005,9),
(5006,1),
(5007,5),
(5008,13),
(5009,16),
(5010,10),
(5011,14),
(5012,22),
(5013,19),
(5014,19),
(5015,10),
(5016,22),
(5017,6),
(5018,6),
(5019,19),
(5020,13),
(5021,19),
(5022,14),
(5023,9),
(5024,16),
(5025,16),
(5026,19),
(5027,22),
(5028,17),
(5029,22),
(5030,5),
(5031,3),
(5032,9),
(5033,1),
(5034,8),
(5035,16),
(5036,11),
(5037,5),
(5038,15),
(5039,21),
(5040,12),
(5041,20),
(5042,7),
(5043,5),
(5044,20),
(5045,4),
(5046,9),
(5047,5),
(5048,4),
(5049,13),
(5050,6),
(5051,16),
(5052,17),
(5053,18),
(5054,10),
(5055,7),
(5056,21),
(5057,12),
(5058,18),
(5059,7),
(5060,6),
(5061,21),
(5062,16),
(5063,18),
(5064,20),
(5065,2),
(5066,14),
(5067,17),
(5068,7),
(5069,1),
(5070,17),
(5071,14),
(5072,11),
(5073,19),
(5074,7),
(5075,10),
(5076,6),
(5077,1),
(5078,20),
(5079,18),
(5080,15),
(5081,12),
(5082,2),
(5083,13),
(5084,10),
(5085,19),
(5086,1),
(5087,9),
(5088,11),
(5089,19),
(5090,7),
(5091,4),
(5092,6),
(5093,8),
(5094,4),
(5095,22),
(5096,20),
(5097,18),
(5098,7),
(5099,2),
(5100,14),
(5101,8),
(5102,19),
(5103,13),
(5104,10),
(5105,9),
(5106,11),
(5107,21),
(5108,12),
(5109,7),
(5110,2),
(5111,15),
(5112,22),
(5113,7),
(5114,5),
(5115,16),
(5116,20),
(5117,11),
(5118,10),
(5119,14),
(5120,19),
(5121,8),
(5122,10),
(5123,19),
(5124,14),
(5125,8),
(5126,14),
(5127,13),
(5128,21),
(5129,4),
(5130,9),
(5131,8),
(5132,15),
(5133,9),
(5134,18),
(5135,6),
(5136,15),
(5137,16),
(5138,7),
(5139,13),
(5140,18),
(5141,9),
(5142,3),
(5143,7),
(5144,17),
(5145,7),
(5146,12),
(5147,22),
(5148,8),
(5149,1),
(5150,13),
(5151,20),
(5152,3),
(5153,1),
(5154,2),
(5155,2),
(5156,5),
(5157,19),
(5158,3),
(5159,18),
(5160,9),
(5161,9),
(5162,2),
(5163,13),
(5164,5),
(5165,20),
(5166,10),
(5167,14),
(5168,1),
(5169,11),
(5170,8),
(5171,13),
(5172,21),
(5173,4),
(5174,8),
(5175,5),
(5176,15),
(5177,13),
(5178,6),
(5179,2),
(5180,5),
(5181,12),
(5182,8),
(5183,16),
(5184,17),
(5185,16),
(5186,6),
(5187,9),
(5188,19),
(5189,10),
(5190,3),
(5191,7),
(5192,3),
(5193,12),
(5194,12),
(5195,20),
(5196,9),
(5197,8),
(5198,14),
(5199,4),
(5200,8),
(5201,17),
(5202,21),
(5203,13),
(5204,8),
(5205,10),
(5206,17),
(5207,22),
(5208,14),
(5209,21),
(5210,11),
(5211,12),
(5212,12),
(5213,21),
(5214,10),
(5215,19),
(5216,9),
(5217,1),
(5218,15),
(5219,3),
(5220,21),
(5221,10),
(5222,18),
(5223,22),
(5224,8),
(5225,17),
(5226,8),
(5227,17),
(5228,16),
(5229,10),
(5230,6),
(5231,11),
(5232,16),
(5233,2),
(5234,19),
(5235,18),
(5236,11),
(5237,14),
(5238,7),
(5239,13),
(5240,9),
(5241,20),
(5242,14),
(5243,16),
(5244,5),
(5245,10),
(5246,12),
(5247,11),
(5248,22),
(5249,6),
(5250,18),
(5251,10),
(5252,8),
(5253,12),
(5254,16),
(5255,17),
(5256,13),
(5257,15),
(5258,6),
(5259,13),
(5260,12),
(5261,21),
(5262,1),
(5263,14),
(5264,16),
(5265,1),
(5266,14),
(5267,15),
(5268,20),
(5269,5),
(5270,16),
(5271,15),
(5272,5),
(5273,19),
(5274,20),
(5275,20),
(5276,3),
(5277,12),
(5278,3),
(5279,17),
(5280,8),
(5281,2),
(5282,7),
(5283,15),
(5284,9),
(5285,8),
(5286,11),
(5287,18),
(5288,13),
(5289,22),
(5290,4),
(5291,16),
(5292,5),
(5293,3),
(5294,8),
(5295,18),
(5296,17),
(5297,13),
(5298,9),
(5299,2),
(5300,18),
(5301,13),
(5302,9),
(5303,16),
(5304,12),
(5305,17),
(5306,17),
(5307,21),
(5308,13),
(5309,7),
(5310,11),
(5311,12),
(5312,6),
(5313,13),
(5314,13),
(5315,6),
(5316,3),
(5317,16),
(5318,2),
(5319,7),
(5320,10),
(5321,1),
(5322,11),
(5323,7),
(5324,15),
(5325,8),
(5326,8),
(5327,14),
(5328,8),
(5329,9),
(5330,20),
(5331,16),
(5332,7),
(5333,17),
(5334,3),
(5335,13),
(5336,3),
(5337,17),
(5338,18),
(5339,12),
(5340,22),
(5341,4),
(5342,10),
(5343,16),
(5344,5),
(5345,18),
(5346,17),
(5347,1),
(5348,12),
(5349,1),
(5350,15),
(5351,22),
(5352,21),
(5353,4),
(5354,15),
(5355,1),
(5356,2),
(5357,3),
(5358,9),
(5359,17),
(5360,5),
(5361,20),
(5362,12),
(5363,1),
(5364,8),
(5365,14),
(5366,18),
(5367,13),
(5368,17),
(5369,3),
(5370,8),
(5371,6),
(5372,4),
(5373,11),
(5374,15),
(5375,11),
(5376,5),
(5377,4),
(5378,16),
(5379,2),
(5380,10),
(5381,19),
(5382,15),
(5383,20),
(5384,7),
(5385,10),
(5386,1),
(5387,10),
(5388,7),
(5389,14),
(5390,16),
(5391,20),
(5392,13),
(5393,4),
(5394,17),
(5395,6),
(5396,7),
(5397,16),
(5398,3),
(5399,14),
(5400,6),
(5401,11),
(5402,19),
(5403,1),
(5404,18),
(5405,2),
(5406,4),
(5407,19),
(5408,2),
(5409,15),
(5410,16),
(5411,1),
(5412,12),
(5413,7),
(5414,18),
(5415,22),
(5416,10),
(5417,16),
(5418,19),
(5419,17),
(5420,8),
(5421,2),
(5422,16),
(5423,17),
(5424,10),
(5425,19),
(5426,2),
(5427,9),
(5428,19),
(5429,10),
(5430,20),
(5431,3),
(5432,21),
(5433,22),
(5434,6),
(5435,11),
(5436,10),
(5437,16),
(5438,17),
(5439,3),
(5440,16),
(5441,21),
(5442,13),
(5443,16),
(5444,12),
(5445,17),
(5446,16),
(5447,21),
(5448,21),
(5449,12),
(5450,3),
(5451,18),
(5452,8),
(5453,5),
(5454,20),
(5455,18),
(5456,4),
(5457,4),
(5458,9),
(5459,10),
(5460,18),
(5461,8),
(5462,5),
(5463,18),
(5464,21),
(5465,9),
(5466,3),
(5467,10),
(5468,15),
(5469,3),
(5470,4),
(5471,18),
(5472,15),
(5473,1),
(5474,6),
(5475,1),
(5476,3),
(5477,22),
(5478,20),
(5479,1),
(5480,3),
(5481,17),
(5482,13),
(5483,10),
(5484,21),
(5485,5),
(5486,9),
(5487,5),
(5488,18),
(5489,2),
(5490,15),
(5491,18),
(5492,17),
(5493,17),
(5494,10),
(5495,20),
(5496,22),
(5497,19),
(5498,20),
(5499,7),
(5500,11),
(5501,6),
(5502,20),
(5503,12),
(5504,20),
(5505,19),
(5506,4),
(5507,20),
(5508,16),
(5509,6),
(5510,3),
(5511,7),
(5512,11),
(5513,12),
(5514,18),
(5515,21),
(5516,8),
(5517,11),
(5518,19),
(5519,11),
(5520,10),
(5521,12),
(5522,17),
(5523,16),
(5524,13),
(5525,19),
(5526,21),
(5527,20),
(5528,17),
(5529,4),
(5530,22),
(5531,12),
(5532,2),
(5533,14),
(5534,17),
(5535,5),
(5536,20),
(5537,13),
(5538,2),
(5539,22),
(5540,13),
(5541,20),
(5542,7),
(5543,18),
(5544,9),
(5545,12),
(5546,10),
(5547,1),
(5548,15),
(5549,18),
(5550,19),
(5551,4),
(5552,8),
(5553,8),
(5554,4),
(5555,22),
(5556,3),
(5557,3),
(5558,11),
(5559,1),
(5560,14),
(5561,3),
(5562,14),
(5563,20),
(5564,14),
(5565,7),
(5566,4),
(5567,22),
(5568,9),
(5569,8),
(5570,22),
(5571,18),
(5572,10),
(5573,13),
(5574,13),
(5575,21),
(5576,4),
(5577,9),
(5578,18),
(5579,12),
(5580,11),
(5581,10),
(5582,18),
(5583,4),
(5584,18),
(5585,7),
(5586,11),
(5587,15),
(5588,14),
(5589,7),
(5590,8),
(5591,16),
(5592,10),
(5593,19),
(5594,22),
(5595,4),
(5596,7),
(5597,2),
(5598,1),
(5599,13),
(5600,15),
(5601,15),
(5602,6),
(5603,19),
(5604,10),
(5605,13),
(5606,14),
(5607,18),
(5608,13),
(5609,22),
(5610,4),
(5611,16),
(5612,18),
(5613,20),
(5614,13),
(5615,20),
(5616,21),
(5617,5),
(5618,4),
(5619,16),
(5620,17),
(5621,7),
(5622,20),
(5623,12),
(5624,7),
(5625,11),
(5626,16),
(5627,19),
(5628,2),
(5629,20);